-4.585259361121508670e-01 -2.736617810846175836e-01 7.322591950132860683e-01
4.153750580862308750e-01 -1.595721705219764086e+00 5.310369640803398461e-01
-1.091594447018310987e+00 -5.346741505118736137e-01 2.421056568142197385e+00
-1.227294749111548899e+00 2.147077319398388973e+00 1.832689910966696090e+00
2.003235789065340278e+00 2.920688037797930292e+00 8.918364581713856154e-01
-1.446205628087279704e+00 2.245401289182987092e+00 1.878834674553850448e+00
1.223599102021288854e-01 1.009967391421963345e+00 1.105848092020699891e+00
2.438524434120738160e+00 -8.354745513850069250e-01 2.183638197407185899e+01
-1.502969943987007895e+00 3.015872966651266474e+00 1.305374667133742062e+00
-9.107597384405012875e-01 3.233370184964866834e+00 5.394084936859705470e-01
